100206	 131.89	
100307	 112.36	
100408	 96.00	
100610	 96.12	
101006	 71.99	
101107	 97.87	
101309	 87.33	
101410	 91.83	
101915	 90.69	
102008	 130.65	
102311	 68.81	
102513	 46.07	
102816	 93.01	
103111	 81.57	
103414	 94.90	
103515	 82.95	
103818	 95.98	
104012	 92.66	
104416	 133.66	
104820	 111.48	
105014	 67.35	
105115	 91.59	
105216	 116.84	
105620	 117.30	
105923	 53.53	
106016	 110.40	
106319	 72.39	
106521	 137.14	
107018	 103.13	
107220	 85.50	
107321	 119.60	
107422	 119.78	
107725	 95.29	
108121	 101.64	
108222	 105.92	
108323	 108.45	
108525	 63.49	
108828	 105.62	
109123	 131.33	
109325	 133.66	
109830	 72.46	
110007	 93.58	
110411	 119.17	
110613	 66.72	
111009	 63.58	
111312	 113.41	
111413	 101.57	
111514	 116.89	
111716	 90.75	
112112	 99.57	
112314	 100.43	
112516	 102.20	
112819	 69.72	
112920	 91.83	
113215	 120.15	
113619	 103.50	
113821	 68.08	
113922	 114.00	
114217	 120.69	
114318	 129.22	
114419	 117.30	
114621	 96.12	
114823	 134.92	
114924	 96.81	
115017	 80.03	
115219	 113.48	
115320	 109.44	
115825	 66.72	
116221	 104.97	
116524	 99.37	
116726	 108.74	
117122	 112.06	
117324	 93.56	
117930	 91.83	
118023	 112.44	
118124	 84.87	
118225	 79.15	
118528	 103.49	
118730	 92.42	
118932	 112.36	
119126	 125.28	
119732	 73.50	
120111	 103.61	
120212	 109.13	
120515	 80.41	
120717	 120.69	
121315	 77.65	
121416	 61.27	
121618	 105.38	
121921	 69.44	
122317	 81.98	
122620	 95.32	
122822	 113.48	
123117	 102.81	
123420	 137.14	
123521	 125.28	
123824	 90.90	
123925	 122.06	
124220	 100.98	
124422	 109.47	
124624	 123.33	
124826	 120.69	
125525	 86.78	
126325	 93.92	
126628	 81.75	
127327	 129.22	
127630	 144.16	
127933	 114.24	
128026	 96.97	
128127	 114.01	
128329	 98.75	
128632	 98.30	
128935	 95.29	
129028	 96.15	
129129	 113.48	
129331	 117.30	
129533	 106.57	
129634	 83.82	
129937	 67.13	
130013	 110.92	
130316	 116.24	
130417	 75.77	
130619	 144.06	
130821	 108.74	
130922	 114.29	
131217	 113.48	
131419	 90.90	
131722	 124.42	
131823	 131.89	
131924	 104.88	
132017	 118.18	
132118	 75.67	
133019	 97.99	
133625	 88.95	
133827	 92.67	
133928	 98.46	
134021	 80.03	
134223	 119.10	
134324	 79.41	
134425	 112.44	
134728	 100.43	
134829	 109.72	
135225	 109.18	
135528	 90.71	
135730	 123.33	
135932	 123.87	
136227	 78.35	
136732	 129.86	
136833	 97.23	
137027	 101.56	
137128	 108.50	
137229	 90.90	
137633	 97.87	
137936	 83.55	
138231	 100.91	
138534	 84.33	
138837	 80.54	
139233	 105.40	
139637	 110.13	
139839	 137.14	
140117	 86.02	
140319	 131.33	
140824	 97.73	
140925	 87.12	
141119	 116.46	
141422	 109.72	
141826	 96.45	
142424	 72.45	
142828	 118.02	
143325	 91.73	
143426	 91.83	
144125	 75.06	
144226	 97.78	
144428	 107.98	
144731	 104.04	
144832	 125.28	
145127	 85.50	
145531	 77.63	
145834	 71.09	
146129	 143.56	
146331	 96.94	
146432	 113.48	
146533	 97.87	
146634	 106.31	
146937	 104.04	
147030	 77.60	
147737	 107.94	
148032	 101.15	
148133	 96.12	
148335	 110.93	
148436	 73.50	
148840	 99.39	
148941	 104.97	
149236	 144.35	
149337	 109.74	
149539	 121.50	
149741	 92.21	
149842	 96.97	
150423	 90.37	
150524	 103.15	
150625	 81.06	
150726	 118.45	
150928	 106.90	
151223	 89.55	
151425	 112.44	
151526	 101.58	
151627	 111.87	
151728	 106.18	
151829	 122.43	
152831	 76.48	
153025	 74.97	
153227	 117.30	
153429	 121.73	
153631	 66.72	
153732	 127.45	
153833	 101.27	
154229	 80.54	
154431	 108.43	
154532	 131.89	
154734	 83.22	
154835	 107.94	
154936	 71.10	
155231	 126.24	
155635	 119.74	
155938	 68.79	
156031	 134.92	
156233	 144.38	
156334	 119.71	
156435	 125.28	
156536	 148.40	
156637	 87.85	
157336	 97.76	
157437	 107.32	
157942	 102.20	
158035	 115.48	
158136	 111.16	
158338	 104.97	
158540	 99.38	
158843	 79.15	
159138	 93.52	
159239	 105.38	
159340	 75.48	
159441	 47.56	
159744	 143.14	
159845	 90.05	
159946	 146.40	
160123	 118.72	
160729	 119.78	
160830	 61.27	
161327	 108.27	
161630	 94.38	
161731	 113.07	
162026	 121.98	
162228	 92.66	
162329	 88.90	
162733	 81.26	
162935	 89.14	
163129	 97.54	
163331	 100.43	
163432	 110.89	
163836	 63.93	
164030	 105.46	
164131	 110.21	
164636	 82.24	
164939	 72.22	
165032	 118.09	
165234	 111.72	
165638	 121.65	
165840	 77.99	
166438	 97.17	
166640	 45.31	
167036	 99.32	
167238	 80.03	
167743	 90.53	
168139	 80.54	
168240	 104.97	
168341	 76.37	
168745	 83.82	
169141	 109.84	
169343	 77.26	
169444	 88.33	
169747	 111.48	
169949	 136.71	
170631	 79.48	
170934	 77.17	
171330	 74.17	
171431	 73.50	
171532	 98.75	
171633	 112.13	
172029	 94.38	
172130	 85.18	
172332	 86.31	
172433	 108.74	
172534	 102.77	
172938	 92.29	
173132	 107.94	
173334	 92.30	
173435	 105.90	
173536	 143.88	
173637	 104.97	
173738	 100.43	
173839	 74.17	
173940	 94.18	
174437	 108.77	
174841	 106.90	
175035	 62.24	
175237	 147.29	
175338	 61.72	
175439	 108.39	
175540	 123.06	
175742	 131.33	
176037	 144.06	
176239	 98.75	
176441	 85.50	
176542	 94.23	
176744	 124.42	
177241	 112.44	
177342	 89.14	
177645	 90.94	
177746	 96.43	
178142	 118.96	
178243	 119.78	
178647	 84.87	
178748	 98.25	
178849	 106.90	
178950	 111.35	
179245	 96.97	
179346	 90.90	
179952	 135.63	
180129	 89.52	
180432	 127.56	
180735	 93.58	
180836	 88.27	
180937	 67.13	
181131	 126.24	
181232	 112.17	
181636	 71.99	
182032	 109.72	
182436	 98.75	
182739	 76.63	
182840	 106.76	
183034	 97.76	
183337	 105.92	
185139	 115.53	
185341	 72.46	
185442	 116.46	
185846	 63.02	
185947	 111.48	
186141	 90.33	
186444	 112.44	
187143	 64.96	
187345	 144.44	
187547	 112.35	
187850	 128.38	
188347	 115.61	
188448	 110.48	
188549	 67.76	
188751	 112.44	
189349	 105.63	
189450	 79.72	
190031	 112.37	
191033	 102.73	
191336	 129.60	
191437	 90.12	
191841	 98.44	
191942	 92.66	
192035	 93.58	
192136	 110.48	
192439	 96.69	
192540	 94.20	
192641	 124.42	
192843	 82.02	
193239	 120.13	
193441	 96.12	
194140	 96.84	
194645	 50.59	
194746	 83.22	
194847	 104.02	
195041	 124.42	
195445	 97.87	
195647	 102.06	
195849	 87.90	
195950	 95.29	
196144	 100.82	
196346	 101.27	
196750	 118.44	
197348	 117.30	
197550	 104.78	
197651	 116.82	
198249	 118.18	
198350	 116.32	
198451	 105.63	
198653	 136.71	
198855	 85.36	
199150	 80.97	
199251	 110.40	
199453	 103.48	
199655	 97.16	
199958	 93.28	
200008	 90.05	
200109	 149.30	
200210	 92.66	
200311	 70.51	
200614	 112.91	
200917	 103.13	
201111	 94.30	
201414	 83.00	
201515	 130.65	
201717	 61.18	
201818	 94.25	
202113	 131.89	
202719	 130.65	
203418	 104.68	
203923	 70.51	
204016	 91.83	
204319	 130.65	
204420	 99.57	
204521	 86.51	
204622	 73.50	
205119	 76.93	
205220	 120.62	
205725	 129.54	
205826	 87.22	
206222	 105.92	
207123	 107.94	
207426	 112.44	
208024	 96.19	
208125	 138.01	
208226	 91.30	
208327	 96.97	
208428	 76.37	
209127	 134.92	
209228	 103.13	
209329	 111.48	
209834	 57.61	
209935	 87.45	
210011	 97.78	
210415	 91.72	
210617	 106.71	
211114	 111.48	
211215	 111.72	
211316	 86.51	
211417	 107.29	
211720	 73.55	
211922	 129.22	
212015	 77.17	
212116	 122.43	
212217	 77.01	
212318	 102.90	
212419	 90.55	
212823	 116.46	
213421	 97.87	
214019	 106.18	
214221	 77.23	
214423	 95.97	
214524	 118.18	
214625	 98.75	
214726	 93.06	
217126	 91.01	
217429	 101.13	
220721	 136.71	
221218	 84.87	
221319	 90.95	
223929	 144.44	
224022	 96.53	
227432	 84.87	
228434	 66.72	
231928	 125.69	
233326	 108.62	
236130	 126.24	
237334	 65.78	
239944	 96.39	
245333	 114.23	
246133	 87.84	
248339	 137.14	
249947	 110.38	
250427	 97.76	
250932	 90.44	
251833	 108.53	
255639	 107.70	
256540	 101.16	
257542	 103.13	
257845	 75.77	
263436	 84.87	
268749	 137.14	
268850	 94.05	
270332	 119.10	
275645	 106.90	
280739	 91.27	
280941	 124.42	
283543	 118.18	
285345	 73.50	
285446	 137.66	
286650	 137.66	
287248	 88.33	
289555	 75.06	
290136	 141.73	
293748	 122.86	
295146	 123.33	
297655	 93.58	
298051	 97.23	
298455	 118.18	
299154	 123.33	
300618	 105.80	
303119	 98.24	
303624	 98.63	
304020	 98.42	
304727	 83.22	
305830	 116.46	
307127	 112.82	
308129	 79.15	
308331	 69.70	
309636	 99.57	
310621	 126.24	
311320	 97.87	
316633	 112.32	
316835	 114.51	
317332	 131.89	
318637	 101.27	
320826	 90.05	
321323	 63.93	
322224	 100.43	
329440	 100.63	
330324	 106.90	
333330	 91.83	
334635	 65.60	
336841	 85.50	
339847	 112.46	
341834	 136.71	
346137	 98.75	
346945	 123.33	
348545	 137.14	
352132	 101.13	
352738	 120.29	
353740	 134.24	
355239	 79.65	
356948	 103.98	
358144	 141.31	
361234	 75.06	
361941	 111.58	
365343	 102.20	
366042	 96.41	
366446	 80.25	
371843	 103.44	
377451	 105.01	
378857	 88.33	
379657	 96.12	
380036	 115.39	
381038	 120.69	
381543	 136.87	
382242	 116.88	
385450	 100.86	
386250	 84.26	
387959	 82.24	
389357	 134.24	
390645	 87.95	
391748	 137.66	
393247	 100.43	
393550	 123.33	
395251	 94.38	
395756	 104.04	
395958	 78.34	
397154	 109.85	
397760	 111.75	
397861	 124.42	
406432	 118.18	
406836	 120.69	
412528	 98.27	
414229	 119.77	
415837	 112.30	
422632	 89.50	
424939	 85.50	
429040	 115.07	
432332	 137.66	
433839	 82.79	
436239	 103.93	
436845	 92.34	
441939	 85.50	
445543	 105.40	
448347	 111.33	
449753	 114.51	
453441	 134.92	
456346	 74.17	
459453	 122.43	
465852	 106.95	
467351	 103.51	
473952	 70.51	
475855	 91.83	
479762	 74.44	
480141	 107.83	
481951	 127.45	
485757	 114.47	
486759	 118.46	
492754	 96.97	
495255	 138.60	
497865	 94.11	
499566	 106.71	
500222	 120.62	
506234	 108.74	
510326	 107.94	
512835	 107.94	
513736	 119.78	
517239	 89.14	
519950	 108.33	
520228	 103.13	
521331	 107.39	
522434	 109.47	
523032	 109.72	
524135	 142.86	
525541	 142.58	
529549	 121.65	
529953	 74.17	
530635	 83.73	
531536	 80.39	
536647	 58.80	
540436	 65.17	
541943	 92.51	
545345	 76.10	
547046	 88.97	
548250	 125.28	
549757	 93.49	
552544	 101.17	
553344	 73.50	
555348	 91.83	
555651	 93.58	
557857	 114.51	
559053	 87.23	
561242	 107.97	
561444	 131.89	
562345	 129.86	
562446	 90.05	
565452	 100.90	
566454	 97.87	
567052	 93.72	
567961	 80.54	
568963	 115.02	
570243	 94.16	
571144	 142.86	
571548	 61.61	
572045	 78.35	
573249	 119.86	
573451	 118.18	
576255	 96.97	
579665	 89.00	
579867	 104.04	
580044	 112.48	
580347	 90.23	
580650	 111.48	
580751	 118.18	
581349	 104.89	
581450	 136.71	
583858	 114.17	
585256	 91.83	
585862	 103.49	
586460	 88.01	
587664	 83.82	
588565	 129.86	
592455	 102.45	
594156	 83.22	
597869	 122.43	
598568	 115.00	
599065	 116.21	
599469	 89.54	
599671	 85.53	
601127	 121.65	
604537	 123.33	
609143	 115.61	
611938	 136.71	
613235	 103.13	
613538	 94.43	
614439	 68.79	
615744	 143.14	
616645	 74.17	
617748	 104.04	
618952	 75.77	
620434	 98.23	
622236	 106.90	
623844	 112.30	
626648	 118.18	
627549	 89.71	
627852	 83.82	
628248	 103.13	
633847	 131.89	
638049	 87.23	
644044	 105.92	
645450	 109.72	
645551	 47.35	
647858	 121.65	
654350	 115.61	
654754	 101.57	
656253	 85.50	
656657	 77.17	
657659	 142.86	
660951	 67.13	
662551	 89.14	
663755	 108.74	
664757	 89.14	
665254	 108.59	
667056	 119.78	
668361	 111.48	
671855	 112.44	
672756	 105.67	
673455	 131.33	
677766	 109.72	
677968	 96.85	
679568	 136.19	
679770	 116.46	
680250	 114.51	
680957	 99.08	
683256	 115.38	
685058	 110.93	
686969	 108.74	
687163	 106.90	
690152	 117.82	
693764	 80.03	
695768	 103.13	
700634	 136.87	
702133	 90.92	
704238	 110.98	
705341	 116.90	
706040	 47.98	
707749	 111.48	
709551	 137.66	
713239	 115.55	
715041	 96.97	
715647	 110.39	
715950	 118.18	
720337	 136.71	
724446	 125.28	
725751	 84.73	
727553	 92.66	
727654	 100.38	
729254	 85.32	
729557	 96.46	
731140	 113.48	
732243	 103.19	
734045	 98.79	
734247	 68.15	
735148	 144.35	
737960	 136.71	
742549	 118.18	
744553	 100.43	
748258	 118.19	
748662	 88.92	
749058	 127.45	
749361	 110.92	
751348	 90.77	
751550	 81.57	
753150	 99.57	
753251	 115.38	
756055	 82.10	
759869	 95.47	
761957	 120.42	
765056	 96.45	
766563	 94.38	
767464	 83.22	
769064	 74.17	
770352	 94.21	
771354	 121.43	
773257	 108.74	
779370	 108.32	
782561	 128.38	
783462	 129.22	
784565	 89.72	
786569	 111.14	
788876	 113.24	
789373	 131.89	
792564	 104.68	
792766	 107.25	
792867	 104.04	
793465	 116.46	
800941	 128.38	
802844	 97.87	
803240	 134.24	
810439	 134.24	
810843	 98.75	
812746	 87.33	
814649	 108.52	
816653	 108.63	
818859	 109.72	
820745	 93.58	
825048	 93.58	
826353	 110.40	
826454	 101.27	
833148	 94.68	
833249	 90.62	
835657	 90.05	
837560	 83.46	
837964	 95.29	
841349	 96.12	
843151	 94.38	
844961	 81.57	
845458	 86.51	
849264	 86.51	
849971	 91.42	
852455	 117.30	
856463	 78.35	
856766	 105.78	
856968	 137.66	
857263	 81.06	
859671	 98.82	
861456	 104.70	
865363	 99.31	
867468	 104.97	
870861	 117.30	
871762	 83.82	
871964	 91.31	
872158	 112.31	
872562	 78.35	
872764	 113.54	
873968	 96.12	
877168	 93.04	
877269	 97.53	
878776	 139.30	
880157	 136.19	
882161	 86.51	
885975	 92.31	
887373	 120.55	
889579	 116.16	
891667	 85.50	
894067	 131.33	
894673	 92.93	
894774	 137.14	
896778	 100.95	
896879	 101.68	
898176	 117.30	
899885	 111.37	
901038	 126.24	
901139	 118.08	
901442	 102.20	
904044	 100.96	
907656	 109.72	
910241	 90.66	
910443	 125.28	
912447	 101.27	
917255	 108.60	
917558	 120.69	
919966	 136.19	
922854	 136.19	
923755	 119.10	
926862	 56.69	
927359	 118.18	
930449	 105.46	
932554	 94.31	
937160	 107.86	
942658	 137.66	
947668	 105.92	
951457	 106.99	
952863	 89.14	
953764	 144.44	
955465	 110.48	
957974	 97.67	
958976	 92.04	
959574	 116.81	
965367	 131.33	
965771	 101.10	
966975	 112.44	
972566	 144.44	
978578	 91.25	
979984	 68.15	
983773	 103.49	
984472	 109.58	
987983	 91.14	
990366	 138.01	
991267	 114.97	
992673	 91.83	
992774	 107.51	
993675	 99.57	
994273	 63.93	
996782	 82.24	
